name: py3
channels:
  - menpo
  - conda-forge
  - defaults
dependencies:
  - absl-py=0.2.2=py_0
  - astor=0.6.2=py_0
  - blas=1.1=openblas
  - bleach=1.5.0=py36_0
  - ca-certificates=2018.4.16=0
  - certifi=2018.4.16=py36_0
  - dlib=19.10=py36_blas_openblas_200
  - gast=0.2.0=py_0
  - html5lib=0.9999999=py36_0
  - jansson=2.11=0
  - markdown=2.6.11=py_0
  - numpy=1.14.5=py36_blas_openblashd3ea46f_200
  - openblas=0.2.20=8
  - openssl=1.0.2o=0
  - protobuf=3.5.2=py36_0
  - python=3.6.5=1
  - scikit-learn=0.19.1=py36_blas_openblas_201
  - scipy=1.1.0=py36_blas_openblas_200
  - sqlite=3.20.1=0
  - tensorboard=1.8.0=py36_1
  - tensorflow=1.8.0=py36_1
  - termcolor=1.1.0=py36_1
  - tk=8.6.7=0
  - uwsgi=2.0.17.1=py36h2184488_1
  - webencodings=0.5.1=py36_0
  - yaml=0.1.7=0
  - asn1crypto=0.24.0=py36_0
  - astroid=1.6.4=py36_0
  - bzip2=1.0.6=h1de35cc_5
  - cairo=1.14.12=he60d9cb_2
  - cffi=1.11.5=py36h342bebf_0
  - chardet=3.0.4=py36h96c241c_1
  - click=6.7=py36hec950be_0
  - cryptography=2.2.2=py36h1de35cc_0
  - ffmpeg=4.0=hc84425e_0
  - flask=1.0.2=py36_1
  - fontconfig=2.12.6=h9850fc5_0
  - freetype=2.8=h12048fb_1
  - gettext=0.19.8.1=h15daf44_3
  - gevent=1.3.4=py36h1de35cc_0
  - glib=2.56.1=h35bc53a_0
  - graphite2=1.3.11=h2098e52_2
  - greenlet=0.4.13=py36h1de35cc_0
  - grpcio=1.12.1=py36hd9629dc_0
  - gunicorn=19.8.1=py36_0
  - harfbuzz=1.7.6=h171471c_1
  - hdf5=1.10.2=hfa1e0ec_1
  - icu=58.2=h4b95b61_1
  - idna=2.7=py36_0
  - intel-openmp=2018.0.3=0
  - isort=4.3.4=py36_0
  - itsdangerous=0.24=py36h49fbb8d_1
  - jasper=2.0.14=h636a363_1
  - jinja2=2.10=py36hd36f9c5_0
  - jpeg=9b=he5867d9_2
  - lazy-object-proxy=1.3.1=py36h2fbbe47_0
  - libcxx=4.0.1=h579ed51_0
  - libcxxabi=4.0.1=hebd6815_0
  - libedit=3.1.20170329=hb402a30_2
  - libffi=3.2.1=h475c297_4
  - libgfortran=3.0.1=h93005f0_2
  - libgfortran-ng=3.0.1=h93005f0_2
  - libiconv=1.15=hdd342a3_7
  - libopenblas=0.2.20=hdc02c5d_7
  - libopencv=3.4.1=h0f2e407_1
  - libopus=1.2.1=h169cedb_0
  - libpng=1.6.34=he12f830_0
  - libprotobuf=3.5.2=h2cd40f5_0
  - libtiff=4.0.9=hcb84e12_1
  - libvpx=1.7.0=h378b8a2_0
  - libxml2=2.9.8=hab757c2_1
  - linecache2=1.0.0=py36h7a11798_0
  - markupsafe=1.0=py36h3a1e703_1
  - mccabe=0.6.1=py36hdaeb55d_0
  - mkl=2018.0.3=1
  - ncurses=6.1=h0a44026_0
  - numpy-base=1.14.3=py36h7ef55bc_1
  - opencv=3.4.1=py36h6fd60c2_2
  - pcre=8.42=h378b8a2_0
  - pip=10.0.1=py36_0
  - pixman=0.34.0=hca0a616_3
  - py-opencv=3.4.1=py36h9d9193e_1
  - pycparser=2.18=py36h724b2fc_1
  - pylint=1.9.1=py36_0
  - pyopenssl=18.0.0=py36_0
  - pysocks=1.6.8=py36_0
  - readline=7.0=hc1231fa_4
  - requests=2.19.1=py36_0
  - setuptools=39.2.0=py36_0
  - six=1.11.0=py36h0e22d5e_1
  - traceback2=1.4.0=py36h49def00_0
  - unittest2=1.1.0=py36hba70996_0
  - urllib3=1.23=py36_0
  - werkzeug=0.14.1=py36_0
  - wheel=0.31.1=py36_0
  - wrapt=1.10.11=py36hc29e774_0
  - xz=5.2.4=h1de35cc_4
  - zlib=1.2.11=hf3cbc9b_2
  - boost=1.59.0=py36_0
prefix: /anaconda2/envs/py3

